20
64
41
26
27
97
86
7
68
2
------------------------------
35
95
68
97
15
100
93
44
7
1
------------------------------
23
74
41
3
35
77
11
22
53
19
------------------------------
43
13
22
25
22
78
61
30
37
82
------------------------------
28
70
32
26
39
86
35
99
16
75
------------------------------
45
38
47
29
90
73
68
92
96
36
------------------------------
59
95
50
12
89
33
46
77
86
54
------------------------------
36
85
62
81
83
86
45
43
94
51
------------------------------
69
25
79
42
44
49
67
45
94
43
------------------------------
60
30
76
68
63
35
92
98
6
79
------------------------------
17
95
14
88
52
29
72
84
49
38
------------------------------
77
100
79
77
31
12
40
41
29
87
------------------------------
77
17
92
47
55
21
56
44
52
47
------------------------------
95
19
34
5
18
62
19
74
84
42
------------------------------
90
19
51
85
99
30
77
100
15
46
------------------------------
28
32
35
9
48
54
52
22
68
29
------------------------------
30
89
71
82
72
4
93
62
100
5
------------------------------
16
30
61
6
82
57
69
48
27
81
------------------------------
23
39
26
24
13
29
28
73
70
65
------------------------------
53
36
22
5
61
82
85
88
24
41
------------------------------
69
41
34
84
73
24
23
32
70
66
------------------------------
11
93
36
90
38
72
38
87
39
10
------------------------------
60
17
3
54
40
48
93
6
11
81
------------------------------
52
91
10
16
51
93
82
10
2
81
------------------------------
1
1
7
40
35
4
5
94
72
17
------------------------------
53
6
83
79
95
81
51
45
91
2
------------------------------
61
29
71
76
57
1
31
1
20
18
------------------------------
88
11
100
7
70
36
8
15
42
39
------------------------------
77
21
86
6
80
14
25
79
40
30
------------------------------
41
38
43
41
59
16
51
94
91
29
------------------------------
96
90
80
66
61
93
28
60
66
24
------------------------------
52
23
74
24
31
46
11
89
16
83
------------------------------
68
52
72
3
64
45
65
29
87
98
------------------------------
11
99
37
91
86
37
3
86
57
19
------------------------------
43
67
11
41
6
59
88
70
8
28
------------------------------
99
66
95
56
74
36
63
13
98
57
------------------------------
13
72
17
11
44
45
97
87
22
59
------------------------------
97
76
41
64
10
67
26
7
46
49
------------------------------
57
33
51
23
7
95
16
10
10
68
------------------------------
31
85
47
41
44
92
19
80
37
48
------------------------------
98
56
66
67
89
43
33
3
19
46
------------------------------
96
86
71
88
46
25
12
40
50
25
------------------------------
95
76
98
43
36
37
86
94
9
80
------------------------------
28
68
55
47
94
17
8
91
32
74
------------------------------
96
85
69
38
92
95
12
47
52
71
------------------------------
37
24
99
73
98
86
79
2
94
41
------------------------------
90
57
33
3
73
91
59
92
90
93
------------------------------
55
55
27
35
5
63
97
98
60
30
------------------------------
75
14
34
68
70
47
67
24
37
93
------------------------------
100
83
39
79
56
97
52
25
61
87
------------------------------
96
28
48
78
12
54
82
88
59
47
------------------------------
27
70
72
12
92
77
77
62
28
21
------------------------------
37
71
41
26
9
58
44
45
38
84
------------------------------
79
24
28
22
15
2
35
3
85
68
------------------------------
3
8
44
25
89
5
73
64
42
38
------------------------------
47
94
82
22
29
87
77
79
77
70
------------------------------
1
58
67
5
81
97
11
8
34
31
------------------------------
52
41
56
30
7
73
54
47
48
34
------------------------------
56
69
48
62
13
50
57
51
98
57
------------------------------
50
99
67
1
88
26
93
26
48
61
------------------------------
71
10
4
70
92
40
20
89
2
86
------------------------------
37
29
1
83
58
76
45
18
81
90
------------------------------
52
60
57
7
5
54
46
62
37
1
------------------------------
63
30
7
18
74
94
22
4
4
31
------------------------------
51
62
76
10
91
44
2
96
14
42
------------------------------
8
16
47
38
15
56
58
3
55
63
------------------------------
72
2
31
54
39
100
15
2
39
41
------------------------------
56
58
66
38
39
46
35
100
90
53
------------------------------
49
17
83
25
19
22
94
60
12
77
------------------------------
12
47
75
48
44
79
27
71
77
52
------------------------------
71
57
25
35
60
83
95
64
67
73
------------------------------
39
19
70
90
65
22
71
81
57
50
------------------------------
43
75
23
100
17
8
92
61
98
12
------------------------------
61
7
40
2
59
7
60
93
17
79
------------------------------
48
79
26
66
85
68
3
80
64
21
------------------------------
65
52
30
31
81
55
12
49
3
50
------------------------------
86
34
26
8
43
82
21
13
65
16
------------------------------
31
54
14
29
24
93
97
70
70
50
------------------------------
61
12
26
67
28
84
21
20
32
44
------------------------------
71
36
6
40
78
23
82
7
6
14
------------------------------
65
86
94
45
15
31
43
73
74
69
------------------------------
81
7
6
62
43
33
43
22
73
17
------------------------------
61
99
25
20
42
82
64
57
9
43
------------------------------
73
4
48
1
33
98
5
8
81
13
------------------------------
37
95
53
50
22
78
69
22
5
27
------------------------------
71
68
76
13
58
12
21
23
86
4
------------------------------
17
10
39
41
74
16
91
8
16
88
------------------------------
33
44
18
51
39
32
42
51
97
66
------------------------------
43
38
91
46
82
6
65
84
98
13
------------------------------
95
66
37
33
96
96
93
53
91
45
------------------------------
39
72
42
80
28
38
98
14
4
84
------------------------------
13
84
41
8
16
66
34
58
38
64
------------------------------
81
6
51
88
27
70
32
10
35
83
------------------------------
61
13
50
14
34
100
14
63
51
99
------------------------------
68
53
34
90
84
51
50
62
79
8
------------------------------
99
63
76
79
75
42
33
4
82
86
------------------------------
99
66
86
91
7
27
26
97
11
48
------------------------------
95
45
83
84
1
37
29
75
89
81
------------------------------
62
1
1
82
70
86
30
54
52
80
------------------------------
28
97
41
35
60
31
13
69
57
41
------------------------------